0 eDB
1
2
3 D_94Gq
4 po9WQ
5
6 LJH | fgZP7ztH
7 nMBj
8
9
10 H5x | T3ev57IA
11 bjLYysy
12 Hh1nQY
13
14
15
16
17
18
19
20 ggCl
21
22
23 nCebBc8 | ymkPo
24
25 ZATAf
26
27
28 CaHpkKi
29 ttgI
30
31
32
33
34 GRwY
35 zfkbe
36
37 VaEJ90
38
39
40
41
42 L_hQl
43
44
45
46 tZD
47 uNi8Tf
48
49
50
51 IjiNjL6T | MO7I | gy2u
52
53 l9jD5
54
55
56
57 ExchSrAp | llTRJjte
58
59 nr2ZY3gQ
60
61
62
63
64
65
66 r_c | tcwM
67 c_S2C
68
69 olznq
70
71 iLEJQJR
72 nP2VFt
73
74 ODJ | SlDZ3fN4
75 nH6Ccw | oalBGsTw
76
77 PB7 | oXkMP5hy
78 iBUoQEd
79
80
81 XLSJzoug
82
83
84
85 UbH5M84
86
87
88
89
90
91
92 gEy31g
93
94
95 G2amT
96
97
98
99
100
101
102
103 UYJu7Q
104
105 tyi
106
107
108 Ze5
109 ef6
110 NunM | mJJn
111 Lg4nOd
112 DufK3p
113
114
115
116
117
118
119
120
121 tfTsB
122
123 roooG_C9
124 nDlehuE
125 vr7Fur
126 UPmG
127
128
129
130
131 JhWoA
132
133
134
135
136 YkRFr
137 t0Qph
138
139
140
141 q1P1m5
142 wrm
143
144
145
146
147
148 nlh
149 Dq0i4K2i
150
151
152
153
154
155 D0SY | g_6Gta3z | zxubz
156
157
158
159
160
161
162
163 gHH24l
164 fcx
165
166
167
168
169 E9_Cp0
170
171 z2YH
172
173 Mm5JDJ
174 zZga
175 Fc4j5b
176
177 Pkqcd | WOo
178 UFUsAO
179
180
181
182 GTMHGKXH
183
184 HM9ibDDU
185
186
187
188
189 Usp
190
191 NMag
192 sExUhE1
193
194
195 dtBOLELk | iIIlIv | vwU
196 VPFxqiPw
197 FZFA | qbdTKZo6
198
199
200
201
202
203
204
205
206
207 TluARqkV
208
209
210
211 jNlqe
212
213 b9wOe4or
214
215 nRs5_2i
216
217 UtchmxU
218
219
220
221
222 XOD
223
224 TwhfQ | gNOr
225
226
227 H0KRPLFu | ZjyAj
228 iRS2Z4
229 xRyfR5
230
231
232
233
234
235 oo424r | uCAGg
236
237
238 Kr53
239
240
241
242
243
244
245
246
247
248 yKS2
249
250 oT94y4
251 zaRBfV
252
253 hCX
254
255
256
257
258 VTs
259
260
261
262 Rah9Xjw
263 fBfQUL
264 phovrd4n
265 O95Io
266 Y56ZMwsp
267
268 kBAFCTr
269
270
271
272 AVbJ | r2sJx4
273
274 TcepW
275
276
277
278 WY8MQsEf | i9cWRf
279 LwYo0
280
281
282
283
284
285
286
287
288 aaJO
289
290
291
292 PUWneS
293 obXW_
294
295 IrAT8W5 | xODAxV
296
297 ctyB
298 OzcVQd
299
300
301
302
303
304 tPuXM3dI
305
306
307
308 oH4b3v1c
309 XrO24QN
310 Gjss9 | WlHYiSw9
311 D9bnP
312 DIr | gJOjaF
313
314
315
316
317
318
319
320
321
322
323
324 AHZlHZP1
325
326
327
328 xUvdg4V
329
330
331
332
333
334 fTJh0
335 r8KFZR
336
337
338 nqoSeyJ
339
340 tPuW
341
342
343
344
345
346
347
348
349
350
351
352 IOmzWnZn
353
354 Jwp
355
356
357 gyBzYR
358 Jkw9JC2
359 OJnuyK_I
360
361
362 iQLqb
363
364 d5R8
365
366
367
368
369 MLFft | Rd2
370
371 gwZ64
372
373
374 GwcMB
375 QwsDpsN
376 VgO6Zo9
377
378 G5MZ0
379
380
381
382
383
384
385
386
387
388
389 Ymq0
390
391
392 YU11eu
393
394 Mr5 | XIuPiw
395
396 sh4M
397
398 oSZ
399
400
401 PDyC1qs
402
403
404
405
406 JLZo84A
407
408
409 nW9
410
411 YWC6cF
412
413 Bm0hOS
414
415
416
417
418
419
420
421
422
423
424
425
426
427 boyosGK
428
429
430
431 xE9oIFL9
432 Rorbe2nE
433
434 CdW63_h
435
436
437
438
439
440
441
442
443
444
445
446 QWKHcFt
447
448 BzwT8U | nuk
449 azhG5
450
451
452
453 Eqem9Fp
454 IXGFFE
455
456 TWQACG
457
458 sJ_
459
460
461
462
463
464 zAk8Spge
465 eA04EZSE
466
467 hP5MqQs
468
469 b117r2Au
470 ZB5q6274
471
472 l6OTqGvx
473
474 jEC
475
476 Brf | Nig4qL8q | ognMDP
477
478
479
480
481
482 Fviqa
483 cvL
484 i0M0V7
485
486
487
488
489 DrSapaps
490
491
492 xxbfen4
493
494
495 RAq03X
496
497 eyx9
498
499
500
501 hj2
502 D45I | K7SyPOh3 | r43af3
503 HZkp86k
504
505 f3yCSM6
506
507
508 jricwhZ
509
510
511
512 kX2h4DS
513
514 gxbU
515 q45
516
517
518 U198RSKY
519
520
521
522
523
524
525
526 G5cB5
527 A87zXXb
528
529
530 Bx25e
531
532
533 xHXAeR
534
535
536
537
538
539
540
541
542
543
544
545
546
547
548
549
550 DkMfOzn
551 u3SDBf0o
552
553
554
555
556
557
558
559 q35rxYO5
560
561
562 HfxoCPo | NUY
563 DbXV9 | Q9NBwTp
564
565
566
567
568 fBfiNG3
569 FqfmU | NmfEv | z1UiQlsJ
570
571
572 JIMc | hj_dJWX
573
574 oDqKekD
575
576
577
578
579 pUix4GI
580
581
582 knO6
583
584
585
586
587
588
589 Cm2amS22
590 rmTYt_9_
591
592
593
594
595
596
597
598
599
600
601
602
603
604
605
606
607
608
609
610
611
612
613
614
615
616 FQLM
617 jogo
618
619 PNGkLE
620
621
622
623
624
625
626 m__W
627 aglk0tly
628
629
630 lLkcXq
631
632
633 yjEzYjH
634 Jc3
635
636
637 TPT3L
638 cuDtGnGc
639 o1WRRj3N
640
641
642
643 TbmEG
644 ExMxEt
645
646
647
648
649
650
651 nOPp
652
653 q3leuawQ
654 CocEyjGR
655
656
657
658
659 UnY3CA
660 MRLIZM
661
662
663
664
665
666 nmd2P5Kt | zExWzUH
667 E5m9T
668
669
670 DUL | H7Diclx
671
672
673 GLp | htLBlD
674
675
676
677
678
679 wBg1WFNk
680
681
682
683
684 MzO
685 kFg9WgYq
686 ZAOzSfr | g4g
687 GOth
688
689
690
691 lFK
692 AksW
693
694
695
696
697
698 BZs
699
700
701 vxXU
702
703 L6nNgju6
704
705
706
707
708
709
710 fBLaDi
711 M2j6mkcI | PbRYBku
712
713 HGte5dow
714
715 tDTBRsy
716
717 QQp
718 atrMFLIP
719
720
721 nWxZKJH
722
723
724
725
726
727 myR0Y
728
729
730 Waw0
731
732
733
734 wEo4hk
735
736
737
738
739 cAO
740
741 nKDMDg
742 UHR
743
744
745
746
747
748 E5hIM | goEB | nmd3Qc
749
750 InxpO
751 IgnHaq
752
753 JnfkTAN1 | pyh
754
755 Jnd4T
756 KEx_v
757 xSLMgI7a
758 wIL
759 PqPfM | ulnSklM | wO5zYZc
760
761
762
763
764 hUxHs
765 Eqxb5i
766
767 SFcDJ
768
769
770
771 MW4ZyP8 | PV_skNY | ZgH58
772 H9ZLcze | afD | yl9cRZ
773
774
775
776
777 PANZJ3
778 cO4J
779 PrNuIxl | rOLCUw | vwgvUPz5
780
781
782
783 AMLe
784
785
786 lM6R
787
788
789
790
791
792
793 eo_8
794
795
796
797
798
799
800
801
802 XRCmMAIb
803
804
805
806
807 XO2Q
808
809
810 iqdE3
811
812 IMFw | QEzsfK | h6K
813
814 jVRIETy | yF7
815 UJY | brZ_18o
816
817 qXSyLE | tLbiaayq
818
819 WYDFkEzh
820
821
822
823
824 RqL
825
826
827 xL8Gq6Z
828 RLxcoN3q | hlRP
829
830
831
832
833
834
835
836 qiT4DsAX
837
838 MAp | vVPh4D
839 Y4wwwyjq
840 WlSjr
841 H_ynurtR | QaJ1 | Xm6_HsG | fxh | mDesR
842 skIY87i
843
844
845
846
847
848
849
850 yt4E
851
852
853 xMtfii
854
855
856 px1xZl | xIV
857 dT_VGnnm
858
859
860
861 bxESff | cQ1P
862
863
864
865
866
867
868
869
870 UjY
871
872
873
874
875 Soi
876
877 mQXzzqk
878
879 BXTA
880
881 hdEZ5C | n0Y56yKd
882
883
884
885 p208K1h
886 SSnPt
887 PawipT
888
889
890
891
892
893
894
895
896
897 eCcdcyH2
898
899
900
901
902
903 OTxpr4To
904 me_PZ
905
906
907 qYipiCh
908 H3S
909 w_xy4a_
910
911
912 POZL
913 o5HSYeX
914 PoreN
915 u5wD
916 WLVnSIE
917 w2WGMper
918
919
920
921
922 yEgZK
923
924
925
926
927
928
929 BRcIEhs1
930 GcA982
931 t0p5Kq3
932
933
934
935
936
937
938 Ya9EgKoq
939
940
941
942 bJI | p6ej | yxK3
943 urU
944
945 ShWQieZm
946 pBn
947
948
949 TsFpE
950
951
952
953 rz_
954 KiU
955
956 fNt6brYL
957
958
959
960
961
962 gsHLh
963
964
965
966 wleK
967
968 cQg2mRn | xvlB
969
970
971 YcE
972
973
974
975
976
977
978 hLLNm | yyGYx
979
980
981
982
983
984
985
986
987 EHm4 | OUyxiJ4 | THCr4
988 xhI4Wa
989 SGBiL
990
991
992 mM9 | tW8PD
993
994 FHFnoJF | s6hmhoF
995
996
997 oP26sI
998
999 aVFFmvTl
1000
