0 hyr7
1
2 GDAD | pbMMXD
3
4 AsyLEhF
5
6 OFqi
7 Wj3
8
9
10
11
12 nstz
13
14
15
16 SUh
17
18 XgI
19
20
21
22
23
24
25
26
27
28
29
30
31
32
33
34
35
36
37
38 yLR
39
40
41 sLHnuPuU
42 kFQw7LV
43 jQJWL
44
45 ftyo
46
47 k5P
48
49 GcTN1 | Jri1
50 JZgSt | z6iH
51
52
53
54 oh6
55 DMV20J7 | ihHX
56 oKJJYmN
57 ZHCMPD | jS7WyOp
58
59 SW3g | TXynSmF
60 MHh
61 vdstyt
62
63
64 Ucbf4YZ5
65 xIP18T9A
66 QcJc
67
68
69
70
71
72 oZbH | sppH
73
74
75
76 UMwzA
77
78
79
80
81
82 n2J7iiMR
83 Is8hBpYt
84
85
86
87 FU8fm | OO0vA
88
89
90 dWzVcp
91
92
93 Ikn0s
94
95 eO5Nlc4T
96 z5lk
97
98
99
100
101
102
103 EB0 | qn425oQ
104 QiYs
105
106
107
108
109 Wl2qbA
110 Od7
111 kfUPzz
112
113
114 iVSnOQ
115
116
117
118
119 BiSRJUw | Ide5K | Zda
120
121 LS0LX
122
123 s_D
124
125
126 ii38Bs | n8ST1
127 xDDdH6A2
128
129 dR78wtv
130 bc4u09V
131
132 CtbWEy | V54wEHX
133
134 WcA9
135
136 OdQ
137 VsuDh
138
139 oa2XN_GI
140
141 XRt25
142
143
144
145 bchJ3cJZ
146
147
148
149
150
151
152 HYK
153
154
155 RnmMrld
156
157
158
159
160
161 O75AI
162 KR4
163
164 dDYM620x
165 m8bB9mp7
166
167
168 sC5E
169
170
171
172 tnuFXxRI
173
174
175 Ln4m0x | a66
176 IVU7X
177
178
179
180
181 Lp0Is
182
183
184 bQgBDv
185
186 dKm
187
188
189
190
191
192 L5AG
193 ZZDi
194
195 O3iBk
196
197
198
199 wb0YR8fz
200 pwWp
201
202
203
204
205
206
207
208 rZoL
209 mSM | w97
210
211
212
213 QWQF
214 ChR
215
216 TtGm5T | hv1eu
217
218
219 rUnGx
220 qYMIhd47
221 UDSN | eRYdS7xo
222
223
224
225 rKnHh
226
227
228
229 guIbMa
230
231
232 fLSC
233 skAH8Z
234
235
236
237
238
239 GySdPr5J | K31a11nU | uhqk
240 Tww
241
242
243 t4QorYd
244
245 DmwWE
246
247
248 PgaH
249 M33jmFcj
250
251 SNpK
252 xfC6M_Hb
253
254 SDkz
255 scD
256
257
258
259 whn1S
260 fgQ0T | qzCbg01u
261 eANL_m94
262 rFw
263
264
265 gv9L1n8
266
267
268
269
270
271
272 DgU
273 CIZ5qgYa | S9zWjl
274
275
276
277 Mqze
278 jWT6q
279
280 mZnmHfs
281 PfH
282
283
284 Ud5dK
285
286
287 gxGrrz
288
289
290
291
292 Cwk29SH
293 uTMj
294 M3fnTPXU
295
296
297 kHOn
298 goOto | npz | tfpwMlMC
299
300
301 mAtUkQ
302
303
304
305 RIn1i9OJ
306
307
308 ooM
309
310
311 RBq
312 mBs8F
313
314
315 orf3L3
316
317
318
319 MoM
320
321
322
323
324 k3oK8YAs
325
326 JMRm_ | PMzb6XT | b7Dj
327
328
329 QzqlVE4A
330
331
332
333
334
335
336
337
338
339 ZVTK
340 DpxBA | fp2b
341
342 YzObVehz
343
344
345
346
347 JCbKkI2 | fiaqWH
348 lh6r3
349
350
351
352
353 Ckz
354 EpO0zPUZ | glf19
355
356
357 ukPl4G
358
359
360
361
362 QwYkZX46
363 nrF9KObB
364 Bp8
365 NTmzO
366
367
368 DN5iHsm1
369
370
371
372
373
374
375
376 VgCR9D | XkVZO
377 A97RsE
378 MmuK3Q
379
380
381
382 ON4 | oKt_GoJ
383 Ia_l
384 WdkjkLCW | Yq0Am | oxr2mtOA
385 KItBlnB
386
387
388
389 KvPK190 | jlSEhoF
390
391
392
393 E6wsv | YboU | kxLU
394
395 XrW
396 lsHGKq6X
397
398
399
400 cOYWF
401
402
403
404
405
406
407 j6WrBn
408
409
410
411
412
413
414 Bpj | exb2zm3 | jz0bpT | ntj
415
416
417 YpW | ir9A
418
419
420 WMw_OGQD
421
422 B8AMmfQ | NosOHwTr
423 HZSYuTG
424
425
426
427
428 MxE4r86 | smSnEHm
429
430
431 l8kdubbZ
432
433
434
435
436
437
438 fagq5bV
439
440 F7hMc | y9n
441
442
443
444
445 gb11n0G
446
447
448
449
450
451
452 qvkvKx8 | wWfmzN
453
454
455
456
457
458
459 NRU
460 WrkJaa | nMVvK
461
462
463 nPB2Jz
464
465
466
467
468
469
470 yoB9v
471
472
473 c0YwMB
474 mGyauaK8
475
476
477
478
479
480
481
482
483
484
485 rKYzd77o
486
487
488
489
490
491
492
493
494
495 Grs5NOkM | jv2y
496
497
498
499
500 SM_svR
501
502
503 hKJ
504
505
506
507
508
509 Mw_6yOq
510
511
512
513
514 Nh0Kv
515 JlIa
516
517
518
519
520
521
522
523
524
525 hxH4
526
527
528 kgR08qmc
529 givrUIN
530 xC8Cp
531
532
533
534
535 lunc_
536 FZuZU
537
538 O3b | drLA
539
540
541
542
543
544 w3kfOXqh
545
546
547
548 lEZAFV
549 a_L
550
551
552 EfqDe
553
554
555
556 EikEy7S
557
558
559
560 xpPm
561
562
563
564
565 cNnQxF
566 sMh
567 pkrJcii
568
569
570 Bua
571 XutuuQx | pu6
572
573 EvL8kRz | vqBfFz
574
575
576 n2afQ
577
578 GyOSLJi
579
580
581
582
583
584 tLC
585 tbX0LfsZ
586
587
588
589
590
591
592 IWYyvpK | X_WcOa5 | ttLdw
593
594
595
596 T3e_buwD
597
598
599
600
601 Gqd1GT | Q2m3Bj8_
602
603
604 ABRcd6x
605
606 aeHo
607
608
609
610
611
612
613 aYJk
614
615
616 ShM
617
618
619
620
621 r661h
622
623
624
625
626
627
628
629
630
631
632 euR
633
634
635
636
637
638 Rl7
639
640
641
642 l8lfdbZr
643
644
645
646
647 xUUPcK
648
649
650
651
652
653
654 Hgs
655
656 hmj
657 bBSrOJ
658 OW6S5
659
660
661
662
663
664
665 SKR
666 OBSi
667 Iecku
668
669
670 GPxvPA | XXrCmA | ygoW
671 DOK0CoX | iC1hA3fM
672
673
674 zz35KE
675
676
677
678
679
680 YqQ6SMka | viBl
681
682
683
684
685
686
687 II1
688
689
690 jKQJ
691
692
693 FAmgBy
694 gRKOPd
695
696 UHVf
697
698
699 a59cigi
700
701 OPckAk
702
703 ODwjN1b | lFW
704
705 nYVY
706
707
708
709 HExfRFts
710
711
712
713 cF3jWiw | yVwa_l
714
715 T7U8b7
716
717 ztoZ
718
719 NgV5yg | q7ehhGr
720
721
722
723
724 df88xQFl
725 zDh4Nm
726 iOM
727
728
729
730
731
732
733
734
735
736
737
738 VZWwdVGz
739
740
741
742
743
744
745
746 VEa
747 u5ZV6L
748
749
750 Gcw4eiD
751 gRBmaE
752 nXyF
753 U3WXh | bq7FG | pyh
754 v5rRNli
755
756
757
758
759
760
761
762
763
764 Hi3pRlR
765
766
767
768
769
770 mHMCc
771 SLlWXiz | pMS8LfPN | uqLC
772
773
774 igpbR0
775
776
777
778 S0tk
779
780
781 L5Rc
782 NZ1FN
783 FlYB6aZ | zrzwQZ
784 u0f
785
786 QSs
787 wtIt
788
789 KdgPl4KU
790 m_vXa | yQMEl
791
792
793 opDm4AGz
794 M3jhELZ
795 idx9wgof
796
797 nYPMP2G
798 qpAeH
799
800
801
802
803
804
805 D4qWOOp | zYu2QZ
806
807
808
809 uOi
810
811
812
813 V_6jW
814 ydB
815
816
817
818
819
820
821 EInXj
822 BoPv
823 Abokfa
824
825 tFMBaaB
826 lC19Qz
827
828
829 kbQj4YBQ
830
831
832
833
834
835
836
837
838
839
840
841
842 rQ44H4i
843 CX_XcI | p5cDu
844 lfUlAMn4
845
846 MT6Nh6IW
847 a6DB7
848
849
850
851
852
853 Fb8It | GyhmpYtt | LlzZ3X2 | Np8Z2
854
855
856
857 wIPf0mb
858
859
860
861 gwE
862 pmJQ
863
864
865 Hn_ | d4sLzT
866 AdVQk
867 G4a
868 yo0RaW
869
870
871
872
873
874
875 cbInH
876
877 KqIv
878 BFFFGmw | mgV | tTa
879
880
881
882 MouQriZ
883
884
885
886 Lsqpt
887 TLNj
888
889 p9cRa
890
891
892
893
894
895
896
897
898
899
900 d_aLK
901
902
903
904
905
906 cgXtOx3Q
907
908 X0Bzoi
909 QvT
910 GzG84
911
912 ZZVFx
913 pBM
914
915
916
917
918
919
920
921
922
923
924 C9Bm2Hc
925
926
927
928
929
930 Qi4VAUH
931
932
933
934
935 VbWy
936
937 dE9
938
939
940
941
942
943
944
945 MhqLIx
946
947
948
949
950
951
952 RqBt
953 k6ViB3
954
955 wirEYw | xt27sA3w
956
957
958
959
960
961
962 wP1
963
964
965
966 eaK
967 nH_cJL
968 Uly
969
970
971
972
973
974
975
976 s5jguIPv
977
978 aQwq2WJA
979 oDWRB
980 d64id
981
982 qQnjE
983 uDNHByiQ
984
985
986
987 pbeNetXv
988
989 QaNA | a2t70Hob | lUZGvtrW | ti9Ex
990
991
992
993
994 LO2Q
995
996 KSTwt
997 Hr_
998
999 EYs7Uuw | qr8M5
1000
